66 people counted (+1 "blank voter), 3 "illegal" votes

Pos  Design #  Points  1st vote 2nd vote 3rd vote
 1:        6    42        9        7        1
 2:       24    38        9        3        5
 3:       23    31        3       10        2
 4:        7    27        5        4        4
 5:        2    26        5        4        3
 6:        5    26        6        3        2
 7:       31    25        4        5        3
 8:       25    22        3        4        5
 9:       32    17        2        4        3
10:       15    16        4        0        4
11:       12    14        1        3        5
12:       13    14        1        4        3
13:       26    13        3        1        2
14:       27    11        1        2        4
15:       16    10        1        3        1
16:       10     8        2        0        2
17:       14     8        2        1        0
18:       28     8        1        2        1
19:        9     5        1        1        0
20:       30     5        0        1        3
21:        3     4        1        0        1
22:        8     4        1        0        1
23:       29     3        1        0        0
24:       18     3        0        1        1
25:       33     2        0        0        2
26:       20     2        0        1        0
27:       34     1        0        0        1
28:       19     1        0        0        1
29:       22     1        0        0        1
30:        1     1        0        0        1
